reaction_time = np.array([30, 60, 90, 120, 150, 180, 210, 240, 270, 300, 330, 360, 390, 420, 450, 480, 570, 600])

Run 1
UV-Vis: np.array([488.998871, 504.981659, 515.000671, 520.002014, 525.98144, 527.002441, 531.990601, 531.990601, 531.990601, nan, 539.01001, 539.01001, 539.01001, 539.01001, 539.01001])
Emission: No
Excitation: No

Run 2
UV-Vis: np.array([485.98003, 503.00574, 509.00899, 512.00478, 515.00067, 519.0174, 519.0174, 522.00873, 522.00873, 522.00873, 525.98145, 525.98145, 525.98145, 527.00244, nan, nan, 531.00854, 533.99194])
Emission: np.array( [514.4206563437748, 521.0042088795248, 525.4458259531337, 528.380734879287, 530.8663584452188, 533.6798083428873, 534.9011216754151, 536.886850248623, 548.2372751609345, 539.2898312370974, 540.3875508366853, 541.9549020192717, 537.8512515597004, 547.8703954178537]) 
Excitation: No

Run 3
UV-Vis: np.array([499.01324, 503.99377, 509.00699, 514.01489, 515.00067, 517.00946, 520.00201, 524.0144, 525.98145, 527.00244, 527.00244, 529.98853, 531.00854, 529.98853, 533.99194, 531.9906, 535.99225, 535.99225])
Emission:np.array( [512.3070029594222, 521.6846480599407, 527.2736282150706, 531.1127920109002, 534.3277831123041, 536.2271529121384, 539.7618011703164, 541.5804283986132, 542.4091189455767, 544.4000997099008, 545.2446549908778, 546.397254994729, 547.8682431700723, 548.6983909226931, 549.9359221178156, 551.1670135934531, 553.2294869997208, 552.9586670594164])
Excitation: No

Run 4
UV-Vis: np.array([457.98242, 472.9936, 478.99353, 488.990204, 492.991, 496.98331, 496.98331, 502.00891, 503.98535, 503.98535, 503.98535, 505.0112, 503.98535, 499.99368, 499.004791, 499.99368, 503.98535, 503.98535])
Emission: np.array([488.4664862003888, 488.00398185872007, 493.5340407697392, 496.3571342906631, 498.93752549001766, 501.65346291884975, 503.5148317651257, 505.41688818159037, 506.5378614109998, 507.25208945158624, 508.68536640634414, 509.21329455654234, 507.86055867149764, 505.38449764366965, 502.32866038140764, 505.63542809467356, 506.94280202669444, 508.09903870385784])
Excitation: np.array([357.3526983521626, 359.6683002770883, 364.4451785018473, 360.321359835556, 369.2341644144066, 375.478086061728, 373.7061939082331, 373.4032073798526, 374.4860198561577, 369.3661931322817, 374.77191064105267, 373.7940549247326, 372.8316071115657, 373.06556649686826, 363.8473293110553, 377.5884478984787, 371.76002054248767, 378.104045972207])

Run 5
UV-Vis: np.array([470.010162, 487.99912, 499.00479, 505.0112, 509.98541, 514.99231, 519.99371, 519.99371, 521.01559, 524.00604, 524.00604, 524.00604, 526.9942, 526.9942, 526.010099, 526.9942, 531.00031, 531.98242])
Emission: np.array([474.9601217636249, 490.4788682674479, 499.9446422880549, 506.6986452493561, 511.61545994947613, 515.5278628816113, 518.0919022787969, 520.7313099399859, 522.3320503183312, 524.2066016534765, 525.3889887767823, 526.4705757942542, 527.701276553421, 528.924012940282, 529.498694138753, 530.0700012233991, 531.6249238825708, 532.4511592900468])
Excitation: np.array([322.92650021273, 322.98569205314107, 323.59022545477336, 324.18583930683974, 323.65398231715324, 325.45548181704334, 325.6813991525453, 325.81878798629486, 325.8131792679594, 325.73147432424827, 326.02927540784776, 324.8593577194788, 326.9104355602738, 326.4158748145143, 326.093537351812, 326.1533474761751, 326.5024987007395, 327.5266362950549])

Run 6
UV-Vis: np.array([492.991, 503.98535, 508.01154, 508.99857, 511.9964, 514.00653, 517.0011, 519.00897, 519.99371, 522.00037, 522.98444, 522.98444, 526.01099, 524.00604, 526.9942, 530.01807, 528.99768, 530.01807])
Emission: np.array( [505.33592190822736, 519.5025216114215, 525.8849321392368, 530.0939270676532, 532.8410736242301, 535.5186197367233, 537.2569170712427, 539.0435546391705, 540.9996281768332, 542.5550289025947, 543.7625429007994, 545.5893236340374, 546.167090853131, 547.420223126444, 548.3062209256516, 550.3289764813013, 552.1096565046201, 552.8950277213843])
Excitation: np.array([361.25467745565345, 360.387674881225, 363.1719362813779, 366.9924493844638, 366.73035672616777, 371.2955260966966, 368.13224283916446, 368.06953605608743, 374.41124319378565, 375.72533373045974, 375.30735660896295, 380.99920739101293, 377.7124942719121, 379.85205551451094, 379.7195051964273, 377.7042840052977, 385.3154458531392, 385.6052765070232])

Run 7
UV-Vis: np.array([460.016937, 483.99588, 495.01016, 503.98062, 509.58987, 514.99249, 514.99249, 516.01593, 516.01593, 522.00037, 522.00037, 522.98438, 522.98438, 522.98438, 526.0108, 526.0108, 522.00037, 522.00037])
Emission: np.array([467.2951518820494, 492.23690872588645, 502.9597277784448, 508.9766205621469, 513.0707344000216, 516.4219814904233, 518.7361865282091, 521.0601381892523, 522.4000479922711, 524.1264921110791, 525.3168282642783, 526.574355650129, 526.765864804057, 527.4817886108318, 527.9254437790734, 528.2055670879115, 523.0859927429811, 524.2284648603371])
Excitation: np.array([350.8199617609978, 352.0383361495908, 352.55713896697193, 352.4752534235721, 352.81065744004565, 352.2215676475439, 353.9968760090482, 354.51960955023173, 354.6181789060193, 354.3457937593946, 358.879412655561, 356.18308108683755, 355.23142090298614, 355.70691884419705, 357.1770703007378, 357.5330861501045, 358.89064710214234, 360.44156437430405])

Run 8
UV-Vis: np.array([460.016937, 483.00378, 495.01016, 499.99463, 505.0119, 509.98587, 514.99249, 514.99249, 514.99249, 514.99249, 514.99249, 505.011902, 499.99463, 489.982513, 486.0177, 471.006867, 454.993073, 454.993073])
Emission: np.array([470.6325970541513, 484.1424232340987, 496.13243205682744, 503.92672068164995, 509.05300100368646, 512.1387606752289, 514.6886373497314, 516.2244235152269, 516.6303792377037, 516.4864130474153, 513.939910664872, 506.0912767974683, 498.7210567072796, 491.8594725195372, 486.4764812489439, 483.6058526334916, 487.3611622541664, 486.7703619742948])
Excitation: np.array([336.5074513137288, 344.12860272459136, 347.49178816004036, 346.88196551819425, 351.00462311288777, 346.47618990398644, 347.8240143874099, 347.7877711179805, 348.5302236837857, 349.9999380118105, 342.6602362282536, 351.3288835345185, 350.5659308411804, 349.24709429901884, 351.8130927450389, 352.9846821345445, 358.77399258388596, 358.125437777175])

Run 9
UV-Vis: np.array([488.99161, 498.0166, 503.98602, 508.99908, 514.992249, 519.00916, 519.99384, 519.99384, 522.98438, 526.0108, 526.9939, 530.01764, 530.01764, 530.01764, 531.98199, 530.99994, 531.98199, 535.00232])
Emission: np.array([509.0485609821685, 518.2610880625158, 525.3977567435858, 529.7626587259898, 534.0272555925457, 536.2555490359766, 539.3640800700023, 541.1672942710078, 543.2659677116665, 545.5053323991201, 545.5985293841948, 547.5706754825353, 549.4158936024178, 550.4270090061644, 551.0071134907737, 551.0049097571354, 556.0290025497369, 552.4786927109501])
Excitation: np.array([383.26968231665296, 364.9111151448076, 377.50054787834165, 363.479262491422, 375.1985648228021, 367.0751029560745, 378.6298345167409, 372.9644034716062, 378.18502554073626, 382.35681649089145, 370.0386821550944, 377.4497072623675, 387.06892578838324, 392.1561366866007, 387.2244829216159, 382.04736135795895, 393.6165995112899, 372.77779768474863])